path,sha256,classification
06_experiments/stage_01ge_evaluator_qualification/evaluator/__init__.py,fd98f57e88cbcb09c58707e1e10751499a15feeaad082becc7da42055272acf8,evaluator_package
06_experiments/stage_01ge_evaluator_qualification/evaluator/acoustic_evaluator.py,d5dba6b77225e1712b9e4079ef75bfe2f47cec1027bdeda409e1bef5bc7b1f8a,acoustic_evaluator
06_experiments/stage_01ge_evaluator_qualification/evaluator/common_metrics.py,725dd38a0e307b4062a238d75bfdfad0b8e52ad1cd20e3971f2570bf4dee85ba,common_metrics
06_experiments/stage_01ge_evaluator_qualification/evaluator/gate_rules.py,113e8e7a70ec12d1eaf7b7e616f128ec952841e71dae61ce7ec2b86dc8b39331,gate_rules
06_experiments/stage_01ge_evaluator_qualification/evaluator/provenance.py,fe06c2b16ff054ed09b6550371ec65d763d2c466ac689b37c5cbaa5943e6142c,provenance
06_experiments/stage_01ge_evaluator_qualification/evaluator/report_generator.py,3934238578ef16ce8db8a126b07a24b849ff956f75784a72650f84fcd6768e05,report_generator
06_experiments/stage_01ge_evaluator_qualification/evaluator/schema.py,92e9d1b1e78c75e9b7eb0cc8f4cda0b7c3150636e77cf06f754f8c8a00c7d3f5,schema
06_experiments/stage_01ge_evaluator_qualification/evaluator/shear_evaluator.py,115b5c0a1707a2c0c76a5c676d7f59a0d140e085a7fa7f43447dca62e05d4a07,shear_evaluator
06_experiments/stage_01ge_evaluator_qualification/evaluator/uncertainty_report.py,74c4498c55ebb6b663447dea733fd9c29baf0c93aa95f0ff494c366ef3d6b53b,uncertainty_module
